66
69
72
82
22
13
20
92
27
57
99
67
61
46
66
99
59
4
53
42
32
16
33
33
97
97
20
53
1
38
42
27
92
82
12
65
12
79
78
83
38
60
69
12
58
74
58
26
22
40
57
17
52
2
69
34
51
25
15
78
60
45
35
45
85
65
9
33
26
16
75
85
81
72
31
35
75
91
43
8
65
13
37
31
93
0
47
26
97
79
7
43
42
40
16
91
13
71
6
34
4
62
89
7
41
35
78
41
53
20
73
26
55
11
42
55
33
13
22
23
49
7
39
11
10
61
99
94
42
74
43
67
69
10
40
39
1
13
28
66
62
80
99
33
97
63
98
43
28
40
25
26
74
24
23
31
68
72
2
81
57
12
9
34
52
27
32
20
38
60
62
97
2
0
36
93
94
78
59
61
23
67
31
1
83
6
63
13
58
62
48
16
60
66
12
6
83
62
5
86
