166
76
104
182
155
84
110
184
161
196
60
140
197
148
104
48
83
195
156
25
196
114
116
88
78
46
79
151
106
35
58
174
89
172
62
143
184
194
187
168
180
40
12
152
163
141
126
194
184
187
2
70
131
44
34
108
156
9
114
68
133
96
78
23
138
30
123
44
184
190
42
186
172
90
134
142
6
190
156
159
118
7
98
106
96
69
4
31
180
79
99
104
131
171
174
116
69
148
7
161
48
19
91
29
106
38
61
4
0
157
91
171
43
48
1
144
133
26
17
0
120
100
10
112
67
192
15
47
16
187
165
170
193
33
1
49
94
196
114
22
20
198
132
177
50
179
54
89
187
167
115
112
111
18
28
187
186
74
14
155
91
178
37
77
56
26
130
93
135
43
179
127
165
172
104
198
100
155
124
71
92
89
143
22
107
31
24
127
147
164
85
159
188
79
186
68
189
163
30
156
